1584835201,5.4,14991,65
1584838801,5.4,20614,55
1584842401,0,0,0
1584846001,0,0,0
1584849602,0,0,0
1584853201,0,0,0
1584856802,0,0,0
1584860401,0,0,0
1584864002,0,0,0
1584867601,0,0,0
1584871202,0,0,0
1584874801,0,2316,1
1584878402,0,0,0
1584882001,0,0,0
1584885602,0,0,0
1584889201,0,0,0
1584892802,0,0,0
1584896402,0,0,0
1584900001,3,19791,47
1584903601,9,19283,92
1584907202,13.2,19169,125
1584910801,5.4,18539,60
1584914402,3,22492,39
1584918001,0,2316,1
1584921602,0,0,0
1584925202,3,15780,68
1584928801,0,0,0
1584932401,0,0,0
1584936002,0,0,0
1584939601,0,0,0
1584943201,0,0,0
1584946802,0,0,0
1584950402,0,0,0
1584954001,0,0,0
1584957601,0,0,0
1584961202,0,2316,1
1584964802,0,0,0
1584968402,0,0,0
1584972002,0,0,0
1584975601,0,0,0
1584979201,4.2,19240,31
1584982801,0,0,0
1584986401,0,0,0
1584990001,0,0,0
1584993602,0,0,0
1584997202,0,0,0
1585000802,0,0,0
1585004401,0,2316,1
1585008002,0,0,0
1585011601,4.8,18162,62
1585015202,0,0,0
1585018801,0,0,0
1585022402,0,0,0
1585026001,0,0,0
1585029601,0,0,0
1585033201,0,0,0
1585036801,0,0,0
1585040402,0,0,0
1585044001,0,0,0
1585047601,0,2316,1
1585051201,0,0,0
1585054801,0,0,0
1585058401,0,0,0
1585062001,0,0,0
1585065601,0,0,0
1585069202,0,0,0
1585072802,0,0,0
1585076402,0,0,0
1585080001,0,0,0
1585083602,0,0,0
1585087202,0,0,0
1585090801,0,2316,1
1585094401,0,0,0
1585098001,1.2,10843,29
1585101601,0,0,0
1585105202,0,0,0
1585108801,0,0,0
1585112402,0,0,0
1585116001,0,0,0
1585119601,0,0,0
1585123202,0,0,0
1585126801,0,0,0
1585130401,0,0,0
1585134001,0,2316,1
1585137602,0,0,0
1585141201,0,0,0
1585144802,0,0,0
1585148401,0,0,0
1585152001,0,0,0
1585155601,0,0,0
1585159201,0,0,0
1585162801,0,0,0
1585166402,0,0,0
1585170002,0,0,0
1585173601,0,0,0
1585177201,0,2316,1
1585180801,0,0,0
1585184401,0.6,11893,15
1585188001,0,0,0
1585191601,0,0,0
1585195202,0,0,0
1585198801,0,0,0
1585202401,0,0,0
1585206001,0,0,0
1585209602,0,0,0
1585213201,0,0,0
1585216802,0,0,0
1585220401,0,2316,1
1585224001,0,0,0
1585227602,0,0,0
1585231201,0,0,0
1585234802,0,0,0
1585238401,0,0,0
1585242002,0,0,0
1585245601,0,0,0
1585249201,0,0,0
1585252801,0,0,0
1585256402,0,0,0
1585260001,0,0,0
1585263601,0,2316,1
1585267202,0,0,0
1585270801,0.6,11898,15
1585274401,0,0,0
1585278002,0,0,0
1585281601,0,0,0
1585285201,0,0,0
1585288801,0,0,0
1585292401,0,0,0
1585296001,0,0,0
1585299601,0,0,0
1585303202,0,0,0
1585306801,0,2316,1
1585310401,0,0,0
1585314002,0,0,0
1585317602,0,0,0
1585321201,0,0,0
1585324802,0,0,0
1585328401,0,0,0
1585332002,0,0,0
1585335601,0,0,0
1585339202,0,0,0
1585342802,0,0,0
1585346402,0,0,0
1585350001,0,2316,1
1585353602,0,0,0
1585357202,0,0,0
1585360801,1.2,10652,29
1585364401,0,0,0
1585368002,0,0,0
1585371601,0,0,0
1585375201,0,0,0
1585378802,0,0,0
1585382402,0,0,0
1585386001,0,0,0
1585389601,0,0,0
1585393202,0,2316,1
1585396801,0,0,0
1585400401,0,0,0
1585404001,0,0,0
1585407601,0,0,0
1585411202,0,0,0
1585414801,0,0,0
1585418401,0,0,0
1585422001,0,0,0
1585425601,0,0,0
1585429201,0,0,0
1585432801,0,0,0
1585436402,0,2316,1
1585440002,0,0,0
1585443602,0,0,0
1585447201,1.2,10651,29
1585450802,0,0,0
1585454401,0,0,0
1585458001,0,0,0
1585461602,0,0,0
1585465201,0,0,0
1585468801,0,0,0
1585472401,0,0,0
1585476001,0,0,0
1585479601,0,2316,1
1585483201,0,0,0
1585486801,0,0,0
1585490401,0,0,0
1585494001,0,0,0
1585497601,0,0,0
1585501201,0,0,0
1585504801,0,0,0
1585508402,0,0,0
1585512001,0,0,0
1585515601,0,0,0
1585519202,0,0,0
1585522801,0,2316,1
1585526402,0,0,0
1585530002,0,0,0
1585533601,0.6,11901,15
1585537201,0,0,0
1585540801,0,0,0
1585544401,0,0,0
1585548002,0,0,0
1585551601,0,0,0
1585555201,0,0,0
1585558801,0,0,0
1585562402,0,0,0
1585566001,0,2316,1
1585569602,0,0,0
1585573201,0,0,0
1585576802,0,0,0
1585580401,0,0,0
1585584001,0,0,0
1585587602,0,0,0
1585591201,0,0,0
1585594802,0,0,0
1585598402,0,0,0
1585602001,0,0,0
1585605601,0,0,0
1585609202,0,2316,1
1585612801,0,0,0
1585616402,0,0,0
1585620001,1.2,11911,15
1585623601,0,0,0
1585627201,0,0,0
1585630801,0,0,0
1585634402,0,0,0
1585638002,0,0,0
1585641601,0,0,0
1585645201,0,0,0
1585648801,0,0,0
1585652402,0,2316,1
1585656001,0,0,0
1585659601,0,0,0
1585663202,0,0,0
1585666802,0,0,0
1585670402,0,0,0
1585674002,0,0,0
1585677601,0,0,0
1585681202,0,0,0
1585684801,0,0,0
1585688402,0,0,0
1585692001,0,0,0
1585695602,0,2316,1
1585699203,0,0,0
1585702802,0,0,0
1585706402,0.6,11713,15
1585710001,0,0,0
1585713601,0,0,0
1585717201,0,0,0
1585720802,0,0,0
1585724402,0,0,0
1585728001,0,0,0
1585731602,0,0,0
1585735201,0,0,0
1585738802,0,2316,1
1585742401,0,0,0
1585746001,0,0,0
1585749601,0,0,0
1585753202,0,0,0
1585756802,0,0,0
1585760401,0,0,0
1585764002,0,0,0
1585767602,0,0,0
1585771201,0,0,0
1585774802,0,0,0
1585778401,0,0,0
1585782001,0,2316,1
1585785601,0,0,0
1585789201,0,0,0
1585792801,0,0,0
1585796401,1.2,10249,29
1585800001,0,0,0
1585803601,0,0,0
1585807201,0,0,0
1585810802,0,0,0
1585814402,0,0,0
1585818001,0,0,0
1585821602,0,0,0
1585825201,0,2316,1
1585828801,0,0,0
1585832402,0,0,0
1585836002,0,0,0
1585839601,0,0,0
1585843202,0,0,0
1585846802,0,0,0
1585850402,0,0,0
1585854001,0,0,0
1585857601,0,0,0
1585861201,0,0,0
1585864801,0,0,0
1585868402,0,2316,1
1585872002,0,0,0
1585875601,0,0,0
1585879202,0,0,0
1585882802,1.2,10760,29
1585886401,0,0,0
1585890002,0,0,0
1585893601,0,0,0
1585897201,0,0,0
1585900801,0,0,0
1585904402,0,0,0
1585908001,0,0,0
1585911601,0,2316,1
1585915201,0,0,0
1585918802,0,0,0
1585922403,0,0,0
1585926002,0,0,0
1585929601,0,0,0
1585933201,0,0,0
1585936802,0,0,0
1585940401,0,0,0
1585944002,0,0,0
1585947601,0,0,0
1585951202,0,0,0
1585954802,0,2316,1
1585958401,0,0,0
1585962002,0,0,0
1585965601,0,0,0
1585969201,1.2,10456,29
1585972802,0,0,0
1585976402,0,0,0
1585980002,0,0,0
1585983601,0,0,0
1585987202,0,0,0
1585990801,0,0,0
1585994401,0,0,0
1585998001,0,2316,1
1586001602,0,0,0
1586005201,0,0,0
1586008802,0,0,0
1586012402,0,0,0
1586016002,0,0,0
1586019601,0,0,0
1586023202,0,0,0
1586026801,0,0,0
1586030401,0,0,0
1586034001,0,0,0
1586037601,0,0,0
1586041202,0,2316,1
1586044801,0,0,0
1586048401,0,0,0
1586052002,0,0,0
1586055601,1.2,10457,29
1586059201,0,0,0
1586062802,0,0,0
1586066401,0,0,0
1586070001,0,0,0
1586073602,0,0,0
1586077202,0,0,0
1586080802,0,0,0
1586084401,0,2316,1
1586088001,0,0,0
1586091601,0,0,0
1586095201,0,0,0
1586098801,0,0,0
1586102402,0,0,0
1586106001,0,0,0
1586109601,0,0,0
1586113201,0,0,0
1586116801,0,0,0
1586120402,0,0,0
1586124001,0,0,0
1586127602,0,2316,1
1586131202,0,0,0
1586134801,0,0,0
1586138402,0,0,0
1586142001,1.2,10557,29
1586145602,0,0,0
1586149202,0,0,0
1586152801,0,0,0
1586156401,0,0,0
1586160001,0,0,0
1586163602,0,0,0
1586167201,0,0,0
1586170802,0,2316,1
1586174402,0,0,0
1586178002,0,0,0
1586181601,0,0,0
1586185201,0,0,0
1586188801,0,0,0
1586192404,0,0,0
1586196001,0,0,0
1586199602,0,0,0
1586203201,0,0,0
1586206801,0,0,0
1586210401,0,0,0
1586214001,0,2316,1
1586217601,0,0,0
1586221202,0,0,0
1586224802,0,0,0
1586228402,0.6,10537,15
1586232002,0,0,0
1586235602,0,0,0
1586239201,0,0,0
1586242802,0,0,0
1586246401,0,0,0
1586250001,0,0,0
1586253601,0,0,0
1586257202,0,2316,1
1586260802,0,0,0
1586264402,0,0,0
1586268002,0,0,0
1586271601,0,0,0
1586275201,0,0,0
1586278801,0,0,0
1586282401,0,0,0
1586286001,0,0,0
1586289602,0,0,0
1586293201,0,0,0
1586296801,0,0,0
1586300401,0,2316,1
1586304002,0,0,0
1586307602,0,0,0
1586311201,0,0,0
1586314802,0,0,0
1586318401,0.6,10140,15
1586322001,0,0,0
1586325601,0,0,0
1586329202,0,0,0
1586332801,0,0,0
1586336401,0,0,0
1586340002,0,0,0
1586343602,0,2316,1
1586347201,0,0,0
1586350801,0,0,0
1586354402,0,0,0
1586358001,0,0,0
1586361602,0,0,0
1586365201,0,0,0
1586368801,0,0,0
1586372401,0,0,0
1586376002,0,0,0
1586379601,0,0,0
1586383201,0,0,0
1586386801,0,2316,1
1586390402,0,0,0
1586394002,0,0,0
1586397601,0,0,0
1586401201,0,0,0
1586404802,0,0,0
1586408401,0,0,0
1586412002,0,0,0
1586415601,0,0,0
1586419202,0,0,0
1586422801,0,0,0
1586426401,0,0,0
1586430002,0,2316,1
1586433601,0,0,0
1586437201,0,0,0
1586440801,0,0,0
1586444402,0,0,0
1586448002,0,0,0
1586451601,0,0,0
1586455201,0,0,0
1586458802,0,0,0
1586462402,0,0,0
1586466002,0,0,0
1586469601,0,0,0
1586473201,0,2316,1
1586476802,0,0,0
1586480401,0,0,0
1586484002,0,0,0
1586487601,0,0,0
1586491201,0,0,0
1586494802,0,0,0
1586498402,0,0,0
1586502002,0,0,0
1586505602,0,0,0
1586509202,0,0,0
1586512801,0,0,0
1586516401,0,2316,1
1586520001,0,0,0
1586523601,0,0,0
1586527202,0,0,0
1586530801,0,0,0
1586534401,0,0,0
1586538001,0,0,0
1586541601,0,0,0
1586545201,0,0,0
1586548801,0,0,0
1586552401,0,0,0
1586556002,0,0,0
1586559602,0,2316,1
1586563202,0,0,0
1586566801,0,0,0
1586570401,0,0,0
1586574001,0,0,0
1586577602,0,0,0
1586581202,0,0,0
1586584801,0,0,0
1586588401,0,0,0
1586592001,0,0,0
1586595601,0,0,0
1586599201,0,0,0
1586602801,0,2316,1
1586606402,0,0,0
1586610001,0,0,0
1586613602,0,0,0
1586617201,0,0,0
1586620802,0,0,0
1586624402,0,0,0
1586628001,0,0,0
1586631601,0,0,0
1586635201,0,0,0
1586638801,0,0,0
1586642401,0,0,0
1586646001,0,2316,1
1586649602,0,0,0
1586653201,0,0,0
1586656802,0,0,0
1586660401,0,0,0
1586664002,0,0,0
1586667602,0,0,0
1586671202,0,0,0
1586674801,0,0,0
1586678401,0,0,0
1586682001,0,0,0
1586685602,0,0,0
1586689201,0,2316,1
1586692801,0,0,0
1586696401,0,0,0
1586700001,0,0,0
1586703601,28.8,15854,344
1586707201,7.2,29793,5
1586710801,0,0,0
1586714401,12,18142,142
1586718001,142.2,37526,187
1586721602,381,47384,366
1586725201,92.4,47302,94
1586728801,11.4,47395,11
1586732401,63,46583,61
1586736001,58.2,47304,56
1586739602,9,47364,8
1586743202,0,0,0
1586746802,3,47403,3
1586750401,1.2,11711,15
1586754001,3,47419,3
1586757601,0,0,0
1586761201,7.8,47340,8
1586764802,0,0,0
1586768401,0.6,7066,6
1586772001,0,0,0
1586775601,11.4,43227,11
1586779202,0,0,0
1586782802,1.8,47568,2
1586786401,10.2,47087,11
1586790002,0,0,0
1586793601,31.8,47494,30
1586797201,0,0,0
1586800802,8.4,47482,8
1586804401,0,0,0
1586808001,3,48152,2
1586811601,0,0,0
1586815201,0,0,0
1586818801,0,2316,1
1586822401,69.6,47394,63
1586826001,849,47404,823
1586829602,171.6,47242,158
1586833201,4.2,47188,4
1586836802,4.2,13320,31
1586840401,0,0,0
1586844001,2.4,47568,2
1586847602,0,0,0
1586851202,0,0,0
1586854801,0.6,7560,6
1586858402,9,47364,8
1586862001,12.6,43904,14
1586865601,0,0,0
1586869201,2.4,47568,2
1586872801,3.6,47989,3
1586876401,0,0,0
1586880001,13.8,47401,13
1586883601,1.8,47480,2
1586887201,0,0,0
1586890801,5.4,47370,5
1586894401,2.4,48168,2
1586898001,4.2,47072,4
1586901601,2.4,47568,2
1586905202,1.8,32153,3
1586908801,3,47760,3
1586912401,0,0,0
1586916002,0,0,0
1586919601,0,0,0
1586923201,0,0,0
1586926802,1.2,10660,29
1586930401,0,0,0
1586934001,0,0,0
1586937602,0,0,0
1586941201,0.6,7066,6
1586944801,7.2,47715,5
1586948401,10.2,43118,11
1586952001,4.8,47270,5
1586955602,0,0,0
1586959201,297.6,41208,366
1586962802,221.4,43807,250
1586966401,511.8,45455,570
1586970001,434.4,47406,438
1586973602,1524,47167,1614
1586977201,1506.6,46331,1491
1586980801,313.8,47230,292
1586984401,334.8,47299,307
1586988002,745.2,47171,715
1586991601,268.2,47037,262
1586995202,746.4,47176,711
1586998801,442.8,47221,424
1587002401,293.4,47203,290
1587006002,297.6,47085,300
1587009602,299.4,47085,301
1587013201,300.6,43974,331
1587016801,286.2,47085,300
1587020401,220.2,47107,229
1587024001,313.2,47103,313
1587027601,153,45622,160
1587031202,0,0,0
1587034801,9,42630,10
1587038402,0,0,0
1587042002,50.4,47347,48
1587045601,1.8,47104,2
1587049201,0,0,0
1587052801,0,0,0
1587056401,0,0,0
1587060002,92.4,47413,84
1587063601,94.2,47487,86
1587067202,15,47269,15
1587070802,2.4,47104,2
1587074401,0,0,0
1587078001,0,2316,1
1587081601,0,0,0
1587085202,0,0,0
1587088801,0,0,0
1587092401,1.8,47512,2
1587096002,0,0,0
1587099601,1.8,10663,29
1587103201,0,0,0
1587106802,1.8,47512,2
1587110402,2.4,47640,2
1587114002,0.6,7066,6
1587117602,9,47104,10
1587121201,7.8,42131,9
1587124802,0,0,0
1587128401,0,0,0
1587132001,1.8,47104,2
1587135601,0,0,0
1587139202,0,0,0
1587142802,0,0,0
1587146402,0,0,0
1587150001,4.8,47098,5
1587153602,2.4,47640,2
1587157201,0,0,0
1587160801,0,0,0
1587164401,3,35907,4
1587168001,1.8,47512,2
1587171601,0,0,0
1587175202,1.8,47104,2
1587178802,0,0,0
1587182402,0,0,0
1587186001,11.4,19182,38
1587189601,0,0,0
1587193201,2.4,47104,2
1587196801,0,0,0
1587200401,3.6,20857,9
1587204001,0,0,0
1587207601,11.4,43664,13
1587211201,0,0,0
1587214802,4.8,47078,5
1587218402,0,0,0
1587222002,0,0,0
1587225602,0,0,0
1587229201,0,0,0
1587232802,0,0,0
1587236401,2.4,47104,2
1587240001,85.8,47105,86
1587243602,202.2,47104,197
1587247201,99.6,47104,97
1587250802,0,2316,1
1587254402,0,0,0
1587258001,0,0,0
1587261601,0,0,0
1587265201,2.4,47512,2
1587268801,0,0,0
1587272401,12,20681,40
1587276002,100.8,47104,101
1587279601,155.4,47111,158
1587283202,33,47104,38
1587286801,0.6,7066,6
1587290401,0,0,0
1587294001,10.8,43373,12
1587297602,3,47104,3
1587301201,0,0,0
1587304802,4.2,47101,5
1587308401,4.2,47104,5
1587312002,5.4,47104,5
1587315602,6.6,47104,7
1587319201,0,0,0
1587322802,4.2,47372,4
1587326402,4.8,47110,5
1587330001,0,0,0
1587333601,2.4,47104,3
1587337202,0,2316,1
1587340802,0,0,0
1587344402,2.4,47104,2
1587348001,0,0,0
1587351601,0,0,0
1587355201,10.2,47103,11
1587358801,0,0,0
1587362402,9.6,25110,24
1587366001,0,0,0
1587369601,0,0,0
1587373201,0.6,7560,6
1587376801,0,0,0
1587380401,9.6,43143,11
1587384001,0,0,0
1587387601,0,0,0
1587391201,2.4,47104,2
1587394802,0,0,0
1587398401,187.8,47177,166
1587402001,55.8,47262,55
1587405602,28.8,47483,26
1587409202,0,0,0
1587412801,0,0,0
1587416401,175.2,47097,167
1587420002,218.4,47104,204
1587423601,49.8,46170,46
1587427201,205.8,47184,197
1587430801,694.8,47161,647
1587434401,114,47131,109
1587438001,0,0,0
1587441601,3,47099,3
1587445202,0,0,0
1587448802,2.4,10963,29
1587452402,0,0,0
1587456002,11.4,47253,10
1587459601,3.6,20409,9
1587463202,1.8,47104,2
1587466801,10.2,43380,12
1587470402,1.8,47104,2
1587474001,3,47093,3
1587477603,0,0,0
1587481202,4.2,47100,4
1587484801,6.6,16691,36
